0.9427613390994104 0.4011177979499767
0.7367854954139558 0.12027510816011344
0.20282729336650374 0.3024845668663396
0.7640659561368474 0.46566100641538977
0.5737541169857729 0.3022537865445091
0.8125284606351448 0.2803376744759142
0.846796173770251 0.14322414160687647
0.7750138247551388 0.08275381240221358
0.33993650655243335 0.8534686182918981
0.7075497968902901 0.23856715946984963
0.04146490401213987 0.3364656537634987
0.6648351428917532 0.7788496533117971
0.02206355935894888 0.12069347517264561
0.8585131288400139 0.8364022140889874
0.9383929494598837 0.6079030903248133
0.9526518115161453 0.6178286828479986
0.19334740337090606 0.9703482949758966
0.159460085054817 0.8256730741511089
0.2731972999172476 0.6066062129067334
0.4821713732311429 0.11346303667650925
0.0785344499299373 0.4086445860857144
0.7129410452776203 0.9379054340519226
0.23207004891402105 0.9052314119433781
0.8696477682157434 0.26336833022096984
0.9205159145205412 0.40354701988709574
0.5971586840847276 0.7168091583044153
0.41789936538426553 0.3174218648526712
0.21903459100440714 0.729893571253273
0.30154344313559245 0.489546567491011
0.4633015733642043 0.8321335506420338
0.2607229767870034 0.2347914582129743
0.8588050968548967 0.4855287945802341
0.970169000989725 0.19230977335637145
0.293874126680837 0.7555374605234852
0.9401597014689297 0.7749083423020565
0.20689328626789594 0.8876601573876433
0.48641386094583594 0.29671434669337604
0.12489493802848106 0.511152480023675
0.2574798160473166 0.06446532269887684
0.7429125069712504 0.7831855792143834
0.595323890328242 0.304697237892708
0.1969941859420048 0.4976275322355501
0.7898102486057315 0.6182957230013362
0.8549440371297181 0.24556821955830566
0.4637001932539434 0.26278516582016576
0.3782768064457642 0.768276101258081
0.7209935221603809 0.23048201027090487
0.694655765649139 0.5381402804039328
0.9696352108780013 0.8244603030589633
0.8604641107415035 0.9543557753889014
0.7064534089525287 -0.38560642189975736
0.6947876038853904 -0.8752983124534149
0.14207825607852498 -0.46835170361544265
0.550438301222849 -0.6531603601080765
0.48532568612678384 -0.48122326718107555
0.7929408386712696 -0.8833056086868367
0.4107824496274306 -0.6999738990413699
0.2791168387124511 -0.3458390856496866
0.45368596019980756 -0.6754233198786329
0.7251684368108461 -0.013293810328849576
0.9793690628768721 -0.4077610394583785
0.8853886833384533 -0.6870697428485455
0.17875037463131116 -0.9334239456437377
0.819198031415308 -0.616582992971783
0.06621820209003171 -0.7144707776792452
0.012100523721838563 -0.31470670501765863
0.7883070558371416 -0.49334498105403624
0.251047469962029 -0.6518151460093051
0.32458208219394347 -0.7206478951449681
0.48864363353572593 -0.13266057372625573
0.08654622868073869 -0.29627083207808536
0.20330472098551822 -0.014816218258674518
0.49288014793351276 -0.8822764800805942
0.5207984660541662 -0.9875313319740022
0.31695375853771535 -0.747920490278112
0.8460882779753741 -0.23432290958383728
0.9092230578180213 -0.591522569125372
0.0328330743032863 -0.0010731428111098174
0.08797678670881925 -0.8394466614504146
0.8362203595041955 -0.31361405736356507
0.556117259696383 -0.5869184561134795
0.23334247051402301 -0.9689414836663225
0.3400197199955236 -0.67889982712475
0.8575669307027353 -0.27362378376925045
0.847515210199421 -0.4138894557151904
0.4547968662085624 -0.42070948044888434
0.4347897656303036 -0.5223338832641814
0.2236097777752012 -0.9405890965905339
0.8810139046417726 -0.9000661062381544
0.9513535014726273 -0.6837747890868009
0.4313236082780706 -0.296475622362799
0.5240388492362555 -0.30614446041864496
0.6852042149917748 -0.09220976500949285
0.3763091853216898 -0.11160598467485372
0.3697528930557531 -0.7917567868546884
0.09038359397993723 -0.7573370518843962
0.4930161287885434 -0.2341038299749305
0.6944340253597973 -0.6059846668759235
0.3851917972366886 -0.11565962248242168
0.5978902832519997 -0.9106319919956355
-0.05302957802206543 -0.10398481341442067
-0.1001591041743044 -0.05864376840123686
-0.35188168375790574 -0.212367244054396
-0.7225827971198215 -0.9730784106473628
-0.8457276246074034 -0.7138077498987855
-0.4071895416426837 -0.7760229657735765
-0.8230091467047695 -0.9131709289908365
-0.7546489629047913 -0.8517550491465521
-0.18650655791687276 -0.5302537082885816
-0.12566487982857732 -0.8202860834514532
-0.847384087035469 -0.8183356408543494
-0.7658673136258118 -0.9073011842480861
-0.9103095118667026 -0.20396044982600336
-0.844233800767976 -0.14880898033223866
-0.5677806292122581 -0.05672489073946163
-0.3636559293017443 -0.6829956948417423
-0.9674895863853242 -0.43433869046024953
-0.599270540597531 -0.8042929412410365
-0.12210564216495179 -0.26085637343896617
-0.005659356004124705 -0.6120186484344637
-0.7818343162662129 -0.1303960321823434
-0.3156279169766627 -0.2591503680484587
-0.5304398925847164 -0.5989055945120144
-0.9853005957488354 -0.3533996019082065
-0.37835880501844676 -0.6297461288523568
-0.356237274602634 -0.5327420864927005
-0.6673465740718784 -0.870450899881203
-0.028485754442810096 -0.8835392745368968
-0.6077070502233012 -0.6190904875836263
-0.8108233736539776 -0.7510904676180035
-0.9938415457704793 -0.37818169637366295
-0.8152704653120675 -0.47105315914988466
-0.7569892401767597 -0.2333227958682892
-0.18060199346493966 -0.8731193413955709
-0.1645365886273049 -0.23732255962337734
-0.8687800868303113 -0.30922601677870243
-0.4869937586819454 -0.06996566320145525
-0.06011577937854484 -0.24276914819167972
-0.6464328574366347 -0.5827835143901228
-0.562052948177748 -0.7694221879109384
-0.6278232333280226 -0.4857446697908162
-0.1993256393633982 -0.2368037433166793
-0.27035133979211823 -0.5223862857512606
-0.8611750232438998 -0.5749694467748931
-0.6262621587624488 -0.8814486742812181
-0.4467009004615874 -0.6822864458956982
-0.5527773410656487 -0.21146683706520863
-0.3670375858085738 -0.7475082093933052
-0.5957917402507373 -0.22816648158447173
-0.23286171837469716 -0.22257559718907582
-0.5761570079161225 0.6664413222416764
-0.4345792762884684 0.21118386853116367
-0.07211583478559025 0.5884987042100227
-0.40066075406643675 0.057007803596589635
-0.8175505164415893 0.007272176757733728
-0.528277636099996 0.2519918123764363
-0.8650776363057494 0.023447946147443166
-0.2520856219792246 0.2539239844179182
-0.19823182389267713 0.7611022743778155
-0.8042990557161973 0.8387766137859478
-0.8091011996240463 0.19628314467786168
-0.8550487626938548 0.7456715729470496
-0.7920591148646083 0.9793364798376224
-0.1948088775532978 0.8677060282162896
-0.5540145856769363 0.009178126695348898
-0.41166090300128866 0.24082875148421057
-0.07226271673784901 0.9727759231259915
-0.9792697204304301 0.5950722409292896
-0.8959757909567901 0.24728059572942296
-0.9358827515432597 0.5084650289927021
-0.2329014489451956 0.9218538509199767
-0.9261150875521817 0.7548708397046844
-0.40902938433171876 0.14552978128968264
-0.3416652411112001 0.14400501798316712
-0.11561314326594263 0.3698474858960905
-0.45990507495351474 0.1812467506914075
-0.5446456856688078 0.4860936644904714
-0.7437036180086906 0.5783844959059862
-0.00024700030329649625 0.2127603827810577
-0.32523863657169216 0.4171315229168505
-0.8703361350988008 0.39056441119461405
-0.5168907669630144 0.29862740291316037
-0.5638179882044015 0.427513202048573
-0.8932377611441508 0.4597329350182092
-0.9149714769311365 0.8111717281029439
-0.6526073316671859 0.7567373646727655
-0.8679707406794068 0.12168363153489914
-0.6821003446254129 0.3993574850715168
-0.9064627480465308 0.0831612039045202
-0.8853108097066593 0.9169557912157446
-0.04326757704916684 0.9005178899278066
-0.6707452000425663 0.9304891046493677
-0.8310638317491607 0.39648219613398183
-0.19283593225252305 0.24253486257788626
-0.09084957508997915 0.08243711509199425
-0.26414729880574195 0.9528301281984934
-0.9157348923533323 0.5088399950159077
-0.6533383073561698 0.824468207872083
-0.39444089531186377 0.35517117391902875
-0.6947306255759903 0.602725184356831
