8.702870210880018 -0.550128769390474
-6.817531166816771 2.077163527820389
-8.328284500503404 7.365075392457346
-0.9458232556866069 -6.680136652042144
5.069222981104664 2.700432455770869
7.198266860200089 8.101205304641685
5.036150003495109 -7.263733159921497
-7.584560666693793 -9.831206635608499
-9.193606741931008 -0.2909495809068865
3.964603543542488 3.89074910159383
-9.069791581411298 5.747658534926947
3.5508468266085806 1.8147541884217553
-5.796374942470177 -2.227938837600991
-8.74424752246751 -0.8250477211440632
-4.1401396974952664 -3.1854985153908055
-3.859361837957456 -8.876601284592155
-0.860736432039058 -5.165892161482343
6.660125266173974 -7.524569727226911
-7.651687357328316 -2.893097879035567
-9.50909862311546 9.407667203971311
0.3569487433862548 5.878586578250157
1.1656958140480551 9.417411419379174
-3.109634879160124 -7.34692276266162
-3.1530391227935066 9.336025470862445
-4.458532757878977 6.489750080003983
4.836868131344401 2.318576166470681
-6.460953573333466 -9.412742643667682
-5.696715740359521 -0.8892005610147731
-7.504594894919807 7.50189783175535
4.6812443846895775 0.710118691778657
-3.554148549793183 -3.909266898462751
2.1827788468315372 -1.920359083671503
6.270461034089287 -9.728531640214573
2.4317911498439226 4.758269957412505
4.519587451478442 9.225010820928699
5.680516068124859 4.738060120770658
-4.165036899023063 1.1298574992708552
-4.5761931576334085 -5.308725270052237
0.22156128956498655 4.484984329627238
-6.845780899449143 -8.025198677624674
1.1490373643202485 2.629340546234207
0.3091819302741623 -6.178108722492695
7.815832383288896 0.9346606148835175
7.764764039802067 -8.710540572803197
-9.593399592049877 -7.772761241972772
1.1850385370893939 -7.4842244723388625
5.429070041501685 3.4318659988259714
3.1523450512834827 -7.717338285278785
-9.038933282526331 3.3385852853318028
-0.5624614609587919 0.4317408599416055
2.0362995847535093 -6.081289843336643
-4.989053269178434 -7.237749925361873
-7.261750606751944 9.254294884498886
3.7217014010966523 9.94404664722692
-9.366182346101725 6.954198273109878
5.014008935214349 1.287571932590943
7.967864734571943 4.081023408353188
-3.0285176635667854 1.9122254609159413
7.008452491594188 -7.199483734160208
-1.4870610185299764 0.11833607449903916
4.457575752828253 -4.003401526037871
1.4197719795547332 -4.26714837980791
-8.470455118136215 5.577216569550581
-5.915075914542342 1.4444062231279897
8.068845193772077 -6.282904147055762
4.746479391537477 -2.1217186947809203
9.959311286548349 3.6330707819122416
2.4062799696708126 6.938321009715569
6.463862561719498 -1.445119087547571
-4.9878772994542615 8.337741319138058
5.1543053924523985 -2.8941663136179985
-8.038616332097428 -3.4016947351873483
3.499305386092681 7.92926268026768
-8.172973139521261 -6.689828644083999
-8.286065993706565 3.016792317107546
9.896189599256175 -2.1365704305970112
-6.341267351729247 5.819161883328217
3.464957604595888 -6.0709437308588
-2.4877237756641613 -1.8507521947132588
6.495629660330234 2.112265123396398
6.181799704221149 -0.3005318964971071
5.344324333693539 2.9131024415258118
3.1477072141836064 -1.7408054458772035
-0.18285142874995053 -7.181768958850501
-4.372371962489259 5.652785024483297
-2.1461460317918117 -8.372138157011864
2.6729433666022278 6.200629895028026
-6.437718298887301 9.94907062032501
-3.9911253609899795 4.0209302604931345
-2.544716524522716 -6.464347471632658
3.436405838336885 6.826294810347715
-8.28407532911357 5.060767494280933
-4.874060402129983 -3.0909145448280073
-6.816659655324402 6.848992875749282
2.070985793124027 -9.161149027304623
-4.831119195879301 -7.659297065959494
-8.787444306432494 2.036939842277093
-3.6808839865054193 1.2498581396764745
1.7599427608475011 8.322413644823694
-4.393870539297637 6.350179720979863
1.2692927254799162 5.10451069360823
6.234347537161568 0.7861155264510913
0.5464843953468588 -7.236333979178284
-1.0098080274151648 4.261892946201302
1.653423740817301 -8.725269050994402
8.23893770140938 -6.137264515029937
-6.372731287433673 4.834555095270311
3.627822524499793 -3.3696002374473615
-2.3062355180835414 5.8078341716378485
-6.0802229911986405 -5.420443869646796
-5.156185743221564 5.6659436731205854
-9.636229479436402 8.09903121421031
5.930490400346516 3.718618350024588
7.841569924092951 -1.498691003716445
-3.201202669077123 -8.998834812376014
6.548936390390438 4.253583985162647
-8.05332268445156 -2.9586309370334485
6.32293790684767 -0.6718410376663879
-3.934721207684378 1.0184904922949993
-2.733289605921419 1.82873093281491
-0.03905812811421683 4.831565400882685
-7.657304534850223 4.435529672904163
4.231518262131983 -6.232299941619585
0.6485030279842636 -0.3574284053461838
-1.920105028097021 -4.2732792269985875
6.1511971890269415 5.921508422824912
9.875830844557438 0.050758148754201926
2.938697804114309 -3.6709077192625283
3.400501410339622 -3.8989635573808767
-1.6790302545892537 -1.9491794142257728
-5.5673706567445125 5.726096397434166
-3.8453695866292232 -4.717668186839969
8.34913790473771 8.792183503551787
8.935576850549253 5.790374420798743
9.886815686052696 -1.1683699675466013
8.068441181154476 -8.30362289039446
-5.124802605016012 -2.2408526269982705
-7.154404188099024 -7.651484664804739
-4.6077580168537775 -0.2549864557931798
-9.985670218778676 3.6793426052621996
5.400245077943254 -8.87565118427167
6.758746159574478 -6.539936555880099
3.9326533152167347 9.163665025133739
-6.9471739118949705 1.4355488167981818
6.927517893210268 -7.924520290359833
0.5103854556574952 2.7090901860585586
5.962231022682687 -6.75893010644349
8.333675828561425 -8.410510337617719
7.680884049807734 2.7282113457350086
4.617373799676262 -3.893004291020807
