30.1 -0.335036
30.2 -2.07456
30.3 -2.69729
30.4 -1.91035
30.5 -0.0838462
30.6 1.92319
30.7 3.16681
30.8 3.06213
30.9 1.65837
31 -0.384245
31.1 -2.10505
31.2 -2.69472
31.3 -1.87593
31.4 -0.0337649
31.5 1.96538
31.6 3.18127
31.7 3.04205
31.8 1.61321
31.9 -0.43326
32 -2.13486
32.1 -2.69131
32.2 -1.8409
32.3 0.0164109
32.4 2.0071
32.5 3.19491
32.6 3.0212
32.7 1.56767
32.8 -0.482068
32.9 -2.16399
33 -2.68705
33.1 -1.80526
33.2 0.0666668
33.3 2.04834
33.4 3.20773
33.5 2.99958
33.6 1.52177
33.7 -0.530655
33.8 -2.19241
33.9 -2.68195
34 -1.76903
34.1 0.116989
34.2 2.08908
34.3 3.21974
34.4 2.9772
34.5 1.47553
34.6 -0.579008
34.7 -2.22013
34.8 -2.676
34.9 -1.73221
35 0.167362
35.1 2.12932
35.2 3.23091
35.3 2.95406
35.4 1.42896
35.5 -0.627111
35.6 -2.24714
35.7 -2.66921
35.8 -1.69482
35.9 0.217773
36 2.16904
36.1 3.24126
36.2 2.93017
36.3 1.38206
36.4 -0.674953
36.5 -2.27343
36.6 -2.66159
36.7 -1.65686
36.8 0.268208
36.9 2.20823
37 3.25078
37.1 2.90553
37.2 1.33486
37.3 -0.722519
37.4 -2.29899
37.5 -2.65312
37.6 -1.61835
37.7 0.318651
37.8 2.24688
37.9 3.25946
38 2.88016
38.1 1.28737
38.2 -0.769795
38.3 -2.32382
38.4 -2.64382
38.5 -1.5793
38.6 0.369089
38.7 2.28498
38.8 3.26731
38.9 2.85406
39 1.2396
39.1 -0.81677
39.2 -2.34791
39.3 -2.63369
39.4 -1.53971
39.5 0.419508
39.6 2.32252
39.7 3.27431
39.8 2.82724
39.9 1.19156
40 -0.863428
40.1 -2.37124
40.2 -2.62273
40.3 -1.49961
40.4 0.469893
40.5 2.35949
40.6 3.28048
40.7 2.7997
40.8 1.14328
40.9 -0.909758
41 -2.39382
41.1 -2.61094
41.2 -1.459
41.3 0.520229
41.4 2.39588
41.5 3.2858
41.6 2.77146
41.7 1.09475
41.8 -0.955746
41.9 -2.41564
42 -2.59833
42.1 -1.41789
42.2 0.570504
42.3 2.43167
42.4 3.29028
42.5 2.74252
42.6 1.046
42.7 -1.00138
42.8 -2.43669
42.9 -2.5849
43 -1.37629
43.1 0.620702
43.2 2.46686
43.3 3.29392
43.4 2.71288
43.5 0.997033
43.6 -1.04664
43.7 -2.45697
43.8 -2.57065
43.9 -1.33422
44 0.670809
44.1 2.50144
44.2 3.2967
44.3 2.68257
44.4 0.947873
44.5 -1.09153
44.6 -2.47647
44.7 -2.5556
44.8 -1.29169
44.9 0.720812
45 2.5354
