30.4 -2.74713
30.5 -0.311796
30.6 2.36425
30.7 4.02241
30.8 3.88283
30.9 2.01116
31 -0.712325
31.1 -3.00673
31.2 -3.79296
31.3 -2.70124
31.4 -0.245021
31.5 2.4205
31.6 4.04169
31.7 3.85607
31.8 1.95094
31.9 -0.777679
32 -3.04648
32.1 -3.78841
32.2 -2.65453
32.3 -0.17812
32.4 2.47613
32.5 4.05988
32.6 3.82827
32.7 1.89022
32.8 -0.842756
32.9 -3.08531
33 -3.78273
33.1 -2.60701
33.2 -0.111112
33.3 2.53111
33.4 4.07698
33.5 3.79944
33.6 1.82903
33.7 -0.907539
33.8 -3.12321
33.9 -3.77593
34 -2.5587
34.1 -0.044016
34.2 2.58544
34.3 4.09298
34.4 3.7696
34.5 1.76737
34.6 -0.972008
34.7 -3.16018
34.8 -3.768
34.9 -2.50961
35 0.0231488
35.1 2.63909
35.2 4.10788
35.3 3.73874
35.4 1.70528
35.5 -1.03615
35.6 -3.19619
35.7 -3.75895
35.8 -2.45976
35.9 0.0903636
36 2.69205
36.1 4.12168
36.2 3.70689
36.3 1.64275
36.4 -1.09994
36.5 -3.23124
36.6 -3.74878
36.7 -2.40915
36.8 0.157609
36.9 2.7443
37 4.13437
37.1 3.67404
37.2 1.57982
37.3 -1.16336
37.4 -3.26532
37.5 -3.73749
37.6 -2.3578
37.7 0.224867
37.8 2.79584
37.9 4.14595
38 3.64022
38.1 1.5165
38.2 -1.22639
38.3 -3.29843
38.4 -3.72509
38.5 -2.30573
38.6 0.292118
38.7 2.84664
38.8 4.15641
38.9 3.60541
39 1.4528
39.1 -1.28902
39.2 -3.33054
39.3 -3.71158
39.4 -2.25295
39.5 0.359343
39.6 2.8967
39.7 4.16575
39.8 3.56965
39.9 1.38875
40 -1.35124
40.1 -3.36165
40.2 -3.69697
40.3 -2.19948
40.4 0.426522
40.5 2.94599
40.6 4.17397
40.7 3.53294
40.8 1.32437
40.9 -1.41301
41 -3.39176
41.1 -3.68125
41.2 -2.14533
41.3 0.493638
41.4 2.9945
41.5 4.18107
41.6 3.49528
41.7 1.25966
41.8 -1.47433
41.9 -3.42085
42 -3.66444
42.1 -2.09052
42.2 0.560671
42.3 3.04223
42.4 4.18704
42.5 3.45669
42.6 1.19466
42.7 -1.53517
42.8 -3.44892
42.9 -3.64653
43 -2.03506
43.1 0.627601
43.2 3.08915
43.3 4.19189
43.4 3.41718
43.5 1.12938
43.6 -1.59552
43.7 -3.47596
43.8 -3.62754
43.9 -1.97896
44 0.694411
44.1 3.13526
44.2 4.1956
44.3 3.37676
44.4 1.06383
44.5 -1.65537
44.6 -3.50196
44.7 -3.60746
44.8 -1.92225
44.9 0.761081
0 0
0 0
0 0
0 0
