55 73 61 70 79 30 62 16 100 12 24 99 54 40 65 9 88 74 6 51 76 51 11 64 2 86 2 32 19 91 89 51 20 58 58 75 3 93 50 64 83 94 80 91 49 69 47 68 27 26 
89 62 35 72 72 58 73 35 36 70 24 91 88 29 28 44 39 18 10 72 82 60 24 15 42 80 16 1 74 6 19 38 16 59 60 62 10 42 39 84 15 22 78 54 34 88 76 63 55 8 
61 77 50 2 42 42 10 60 5 50 65 90 46 88 33 58 56 69 46 8 90 61 54 59 35 61 13 25 9 93 87 61 25 3 12 55 37 12 3 52 24 94 61 68 81 91 51 21 61 34 
84 64 98 49 74 66 66 7 31 78 49 63 78 80 31 99 78 88 30 13 70 93 93 58 51 37 39 2 66 13 34 15 27 95 5 76 27 39 61 61 14 51 23 85 13 66 67 21 92 62 
94 72 10 83 31 27 72 58 82 73 77 72 73 62 97 45 8 92 73 24 58 59 34 35 86 57 2 32 34 14 57 7 66 15 71 94 80 41 62 26 80 36 36 33 33 30 45 8 85 24 
2 88 41 52 31 100 47 22 81 87 87 16 61 58 46 29 97 38 47 45 80 13 96 14 32 56 31 21 21 10 31 93 73 63 63 63 92 3 56 96 76 5 95 31 5 86 95 84 8 8 
95 80 19 67 2 39 57 84 24 79 21 50 88 85 94 90 79 94 80 96 16 22 15 83 27 47 53 77 40 75 48 6 30 30 38 9 16 20 41 7 76 9 43 1 51 79 32 98 90 60 
79 40 27 5 49 13 59 85 96 74 29 75 81 42 94 86 18 66 23 45 76 76 15 6 21 83 48 91 22 72 30 74 6 48 56 86 5 26 53 77 99 30 74 17 51 100 26 16 23 14 
9 21 7 65 68 43 99 72 72 82 72 60 44 85 79 81 50 36 82 48 91 94 51 74 74 46 13 90 51 31 46 27 70 97 11 48 50 99 61 49 87 19 57 3 24 84 7 63 38 9 
79 14 98 10 10 68 57 97 73 92 66 66 51 6 63 37 5 60 98 76 58 26 78 11 44 42 95 29 8 8 51 89 66 66 83 79 92 91 40 23 6 12 50 70 89 17 40 99 20 81 
43 12 27 47 15 15 21 18 72 28 18 57 37 2 51 22 16 4 47 95 98 5 21 62 4 76 29 72 90 59 24 13 43 19 98 95 5 61 68 81 42 46 84 38 25 69 96 77 13 28 
28 93 74 2 29 33 33 42 10 26 89 32 79 79 98 72 32 35 22 53 74 60 52 54 30 56 87 85 27 44 58 85 65 30 83 42 85 42 78 69 9 76 98 34 10 99 100 96 40 42 
7 17 59 64 44 66 62 39 98 40 63 74 54 13 50 73 92 5 50 34 46 16 95 59 42 12 76 42 42 57 99 99 40 32 22 53 46 50 60 64 77 88 22 27 98 48 95 71 50 18 
82 40 53 56 13 48 88 36 67 54 32 15 64 94 60 92 23 64 85 13 92 25 80 55 29 60 30 71 85 65 88 87 28 34 15 58 100 25 59 56 24 97 35 59 44 1 4 