2 2 3 6 9 11 12 16 19 20 24 26 27 30 32 40 47 49 50 51 51 51 54 55 58 58 61 62 64 64 65 68 69 70 73 74 75 76 79 80 83 86 88 89 91 91 93 94 99 100 
1 6 8 10 10 15 15 16 16 18 19 22 24 24 28 29 34 35 35 36 38 39 39 42 42 44 54 55 58 59 60 60 62 62 63 70 72 72 72 73 74 76 78 80 82 84 88 88 89 91 
2 3 3 5 8 9 10 12 12 13 21 24 25 25 33 34 35 37 42 42 46 46 50 50 51 52 54 55 56 58 59 60 61 61 61 61 61 61 65 68 69 77 81 87 88 90 90 91 93 94 
2 5 7 13 13 13 14 15 21 23 27 27 30 31 31 34 37 39 39 49 49 51 51 58 61 61 62 63 64 66 66 66 66 67 70 74 76 78 78 78 80 84 85 88 92 93 93 95 98 99 
2 2 7 8 8 10 14 15 24 24 26 27 30 31 32 33 33 34 35 36 36 41 45 45 57 57 58 58 59 62 62 66 71 72 72 72 73 73 73 77 80 80 82 83 85 86 92 94 94 97 
3 5 5 8 8 10 13 14 16 21 21 22 29 31 31 31 31 32 38 41 45 46 47 47 52 56 56 58 61 63 63 63 73 76 80 81 84 86 87 87 88 92 93 95 95 95 96 96 97 100 
-842150451 1 2 6 7 9 9 15 16 16 19 20 21 22 24 27 30 32 38 39 40 41 43 47 48 50 51 53 57 60 67 75 76 77 79 79 79 79 80 80 83 84 85 88 90 90 94 94 96 98 
5 5 6 6 9 13 14 15 16 17 18 21 22 23 23 26 26 27 29 30 30 40 42 45 48 48 49 51 53 56 59 66 72 74 74 74 75 76 76 77 81 83 85 86 86 91 94 96 99 100 
3 5 7 7 11 13 19 21 24 27 31 36 38 42 43 44 46 46 48 48 49 50 50 51 51 57 60 61 63 65 68 70 72 72 72 74 74 79 81 82 82 84 85 87 90 91 94 97 99 99 
5 6 6 8 8 9 10 10 11 12 14 17 20 23 26 29 37 40 40 42 44 50 51 51 57 58 60 63 66 66 66 66 68 70 73 76 78 79 79 83 89 89 91 92 92 95 97 98 98 99 
2 4 4 5 5 12 13 13 15 15 16 18 18 19 21 21 22 24 25 27 28 29 37 38 42 43 43 46 47 47 51 57 59 61 62 68 69 72 72 76 77 81 81 84 90 95 95 96 98 98 
2 9 10 10 22 26 27 28 28 29 30 30 32 32 33 33 34 35 42 42 42 44 52 53 54 56 58 60 65 68 69 72 74 74 76 78 79 79 83 85 85 85 87 89 93 96 98 98 99 100 
5 7 12 12 13 16 17 22 22 27 32 34 39 40 40 40 42 42 42 42 44 46 46 48 50 50 50 53 54 57 59 59 60 62 63 64 64 66 73 74 76 77 88 92 95 95 98 98 99 99 
