0.3
2.2326530617130733
3.2563491899653805
2.8896280999466204
1.304964450467714
-0.7523496830688594
-2.3147273172407647
-2.647357837872998
-1.5937999136169647
0.3504417014530465
2.2709597961563652
3.2645047016310005
2.8637967242648417
1.2572950870480564
-0.7994373877557852
-2.339087279915013
-2.63753318745395
-1.5544113367110957
0.40086914166342075
2.3087092865898144
3.2718220670846123
2.837240493428797
1.2093550702370965
-0.846214251552037
-2.362701100744519
-2.6268780164044685
-1.5144984672188353
0.45126806342045495
2.345890860204422
3.278299217507724
2.8099669156081504
1.1611579539831547
-0.8926670493643281
-2.3855621034590597
-2.6153953372315826
-1.4740725895953386
0.5016242175764674
2.382494004756756
3.2839343216335184
2.7819837017861118
1.112717364923566
-0.9387826477216494
-2.4076638246305655
-2.603088396401413
-1.4331451333371865
0.5519233670752405
2.418508371540988
3.288725786264589
2.753298763579337
1.064046998532126
-0.9845480084884144
-2.429000015500567
-2.5899606734212943
-1.39172766975084
0.602151290977438
2.4539237783148726
3.2926722567234092
2.7239202110010057
1.0151606152467796
-1.029950192550886
-2.449564643746859
-2.576015879856014
-1.3498319086811497
0.6522937884811391
2.488730212178473
3.2957726172353032
2.6938563501679953
0.9660720365793927
-1.0749763634751461
-2.469351895189005
-2.5612579582784734
-1.3074696952007245
0.7023366829367813
2.5229178324050157
3.298025991243923
2.663115680952485
0.9167951412080331
-1.1196137911364878
-2.4883561754321537
-2.5456910811550055
-1.264653006260954
0.7522658258552333
2.5564769732232406
3.2994317416590704
2.6317068945788535
0.8673438610529676
-1.1638498553184935
-2.5065721114487327
-2.529319649665702
-1.2213939473058717
0.8020671009080844
2.5893981465501303
3.2999894710368185
2.5996388711663574
0.8177321773377904
-1.2076720492811301
-2.5239945530975603
-2.512148292460113
-1.1777047488495078
0.8517264279186518
2.621672044673397
3.299699021691885
2.5669206772185142
0.7679741166366338
-1.2510679832967657
-2.5406185745799057
-2.4941818643485205
-1.1335977630180425
0.9012297668427456
2.6532895428831744
3.298560475742208
2.5335615630598163
0.718083746908244
-1.2940253881529902
-2.5564394758321582
-2.47542544492945
-1.0890854600575992
0.9505631217384027
2.6842417020516467
3.2965741550857364
2.499570960220253
0.6680751735188576
-1.3365321186216577
-2.571452783854707
-2.4558843371534835
-1.044180424808361
0.9997125447226491
2.7145197711604654
3.29374062130941
2.4649584787689776
0.6179625352541065
-1.3785761568924346
-2.5856542539764895
-2.435564065823924
-0.9988953531467368
1.048664139915071
2.7441151897749783
3.2900606755303943
2.429733904597044
0.5677600003214691
-1.420145615970675
-2.599039871055175
-2.4144703760348767
-0.9532430483957797
1.097404067366683
2.773019590464315
3.2855353581695823
2.3939071966508774
0.5174817623448301
-1.4612287430382989
-2.6116058506122695
